image: corridor.png
resolution: 0.01
origin: [-15.00000, -90.60000, 0.000000]
negate: 0
occupied_thresh: 0.65
free_thresh: 0.196

